time/total_timesteps,rollout/ep_len_mean,time/iterations,time/fps,time/time_elapsed,rollout/ep_rew_mean,train/value_loss,train/learning_rate,train/entropy_loss,train/loss,train/std,train/approx_kl,train/clip_range,train/n_updates,train/explained_variance,train/clip_fraction,train/policy_gradient_loss
16384,1000.0,1,10514,1,281.9039593125,,,,,,,,,,,
32768,1000.0,2,8196,3,292.93059174999996,0.17430403660982846,0.0003,-4.985799617320299,0.019228190183639526,0.36651611328125,0.015781445,0.2,10,-2.603350877761841,0.185302734375,-0.015573631734514492
49152,1000.0,3,7581,6,299.98901970833333,0.034259506089438216,0.0003,-4.914156411588192,-0.007252722047269344,0.3640782833099365,0.015733512,0.2,20,-0.837444543838501,0.196112060546875,-0.020342527687171243
65536,1000.0,4,7351,8,303.46203153125,0.024222909660602455,0.0003,-4.812911494076252,-0.005422500893473625,0.36058199405670166,0.016516324,0.2,30,0.2819773554801941,0.199456787109375,-0.021199406539381016
81920,1000.0,5,7126,11,303.91713988749996,0.018122728996968363,0.0003,-4.684640891849995,-0.024724535644054413,0.3571265637874603,0.017284952,0.2,40,0.39827609062194824,0.21800537109375,-0.023283592114239582
98304,1000.0,6,7063,13,302.7203446979167,0.02311285950272577,0.0003,-4.584432909637689,-0.020873025059700012,0.3539679944515228,0.01666714,0.2,50,0.42433393001556396,0.2079345703125,-0.021105986463226145
114688,1000.0,7,7009,16,306.84357819,0.02848965392622631,0.0003,-4.489199714362622,-0.003088857978582382,0.3514735698699951,0.016476467,0.2,60,0.3694456219673157,0.2111328125,-0.02177220193152607
131072,1000.0,8,6984,18,309.31406932,0.014520925463875756,0.0003,-4.40060875415802,-0.02394609898328781,0.3487687110900879,0.016926281,0.2,70,0.40203946828842163,0.216290283203125,-0.023542523389187407
147456,1000.0,9,6947,21,313.19617997,0.02210262612788938,0.0003,-4.32075964063406,-0.01128306332975626,0.3463645279407501,0.019300476,0.2,80,0.36756932735443115,0.23807373046875,-0.022719801127823302
163840,1000.0,10,6921,23,318.64130128,0.007648319677537074,0.0003,-4.19969950094819,-0.04277365654706955,0.34264612197875977,0.01808076,0.2,90,0.5684185028076172,0.22596435546875,-0.024798243519762765
180224,1000.0,11,6897,26,323.50570748,0.008295943303528475,0.0003,-4.084625596553087,-0.03492297977209091,0.33975040912628174,0.019774985,0.2,100,0.5976815223693848,0.2394287109375,-0.02551955041126348
196608,1000.0,12,6874,28,329.3446335,0.01198217578639742,0.0003,-3.98751476444304,-0.03143532946705818,0.3369236886501312,0.020642646,0.2,110,0.6179536581039429,0.259912109375,-0.02614544525713427
212992,1000.0,13,6862,31,337.19972086,0.012136973369342741,0.0003,-3.8901850908994673,-0.040233805775642395,0.3343653678894043,0.018768854,0.2,120,0.5716404318809509,0.231634521484375,-0.024322180300805483
229376,1000.0,14,6845,33,345.10566622000005,0.0063385777524672445,0.0003,-3.7861552868038415,-0.036246538162231445,0.33128103613853455,0.01986693,0.2,130,0.6343895792961121,0.2503662109375,-0.027407152831438
245760,1000.0,15,6833,35,347.8386100800001,0.01277728661953006,0.0003,-3.70172799192369,-0.02949775941669941,0.32930412888526917,0.022173688,0.2,140,0.483393132686615,0.27413330078125,-0.024768481558749045
262144,1000.0,16,6823,38,344.00789219,0.010358054241078208,0.0003,-3.6245899241417647,-0.026300732046365738,0.32702991366386414,0.019653251,0.2,150,0.6084985733032227,0.23779296875,-0.025526316307878005
278528,1000.0,17,6813,40,347.27116695000007,0.0309009012155002,0.0003,-3.600894761458039,-0.0383717343211174,0.32661446928977966,0.019363156,0.2,160,0.47484588623046875,0.23302001953125,-0.023615643042830925
294912,1000.0,18,6807,43,353.15472160999997,0.009189239081024425,0.0003,-3.508182153478265,-0.05137199908494949,0.323581337928772,0.022375759,0.2,170,0.6122739315032959,0.263714599609375,-0.025983056031691376
311296,1000.0,19,6792,45,359.01319228,0.0041821752849500625,0.0003,-3.365536458045244,-0.04098111763596535,0.31986257433891296,0.021813195,0.2,180,0.7970532774925232,0.2736328125,-0.02818571755196899
327680,1000.0,20,6788,48,364.52204406,0.00435793912220106,0.0003,-3.2452490009367465,-0.03331541642546654,0.31645524501800537,0.02251177,0.2,190,0.8338139057159424,0.269635009765625,-0.028509278457204346
344064,1000.0,21,6780,50,372.97298699,0.004101571049250197,0.0003,-3.108036305755377,-0.02384042739868164,0.31303131580352783,0.023371128,0.2,200,0.8299452066421509,0.27734375,-0.028897909573788638
360448,1000.0,22,6777,53,386.31603085999996,0.007929464212065796,0.0003,-3.0064933478832243,-0.03662040829658508,0.3104715347290039,0.023640849,0.2,210,0.7911478877067566,0.281024169921875,-0.029179198444762734
376832,1000.0,23,6771,55,391.07596779,0.005105607265795698,0.0003,-2.8977112367749216,-0.03071107529103756,0.3074641525745392,0.022465732,0.2,220,0.8682591319084167,0.27705078125,-0.029882748735690256
393216,1000.0,24,6769,58,393.72164130000004,0.013172003118961583,0.0003,-2.8131914019584654,-0.030122730880975723,0.3055402934551239,0.025783796,0.2,230,0.6857020854949951,0.29835205078125,-0.025681738777348074
409600,1000.0,25,6764,60,398.39072094999995,0.00819388843883644,0.0003,-2.7299770124256613,-0.04927055165171623,0.3035740852355957,0.023735728,0.2,240,0.6866210699081421,0.28516845703125,-0.027456298614561093
425984,1000.0,26,6763,62,401.5953639400001,0.008008002451970243,0.0003,-2.6482777521014214,-0.02764790877699852,0.301420658826828,0.022981342,0.2,250,0.7533605098724365,0.273944091796875,-0.02736523530475097
442368,1000.0,27,6760,65,404.28483357000005,0.009883374945638934,0.0003,-2.5966948993504047,-0.04690035060048103,0.30025437474250793,0.024422424,0.2,260,0.7016286849975586,0.28885498046875,-0.027050305173179367
458752,1000.0,28,6759,67,407.89899256000007,0.009674224693299038,0.0003,-2.5172520842403174,-0.029965266585350037,0.2981410622596741,0.02494292,0.2,270,0.6433343291282654,0.295916748046875,-0.02690361988352379
475136,1000.0,29,6757,70,411.20104618,0.006886242816835875,0.0003,-2.422444412857294,-0.037269800901412964,0.29588407278060913,0.022254206,0.2,280,0.6915518045425415,0.2733154296875,-0.026768660687230293
491520,1000.0,30,6753,72,409.27399246,0.019932090093789157,0.0003,-2.3626633364707232,-0.0291800145059824,0.2946268916130066,0.02528884,0.2,290,0.584496021270752,0.29073486328125,-0.02531642325411667
507904,1000.0,31,6754,75,405.68615966,0.02585722114308737,0.0003,-2.308966965600848,-0.023803401738405228,0.29336440563201904,0.023500204,0.2,300,0.3537728190422058,0.2905029296875,-0.02408991190895904
524288,1000.0,32,6751,77,408.11130383999995,0.0351665050664451,0.0003,-2.257169006764889,-0.032079681754112244,0.2919647991657257,0.02470747,0.2,310,0.3250594139099121,0.297039794921875,-0.02545412462714012
540672,1000.0,33,6750,80,413.72843523000006,0.015485865192022174,0.0003,-2.1966366481035946,-0.0182585958391428,0.2906026840209961,0.02425652,0.2,320,0.5346630215644836,0.283367919921875,-0.02577187310816953
557056,1000.0,34,6748,82,422.00329493000004,0.013260499223542865,0.0003,-2.1300823647528886,-0.01696128584444523,0.28863322734832764,0.025879731,0.2,330,0.5602537989616394,0.309490966796875,-0.026315085237001767
573440,1000.0,35,6744,85,431.24917733999996,0.005106806525873253,0.0003,-2.020555118471384,-0.012716157361865044,0.2859816551208496,0.026358847,0.2,340,0.8202575445175171,0.315618896484375,-0.03147422171568905
589824,1000.0,36,6742,87,442.71530136,0.017842958198161795,0.0003,-1.9643646137788893,-0.004377936944365501,0.2848144471645355,0.026282627,0.2,350,0.5736114978790283,0.304052734375,-0.0253198792328476
606208,1000.0,37,6742,89,462.37995558,0.015287810327572515,0.0003,-1.8995273748412729,-0.017700230702757835,0.28312698006629944,0.028490886,0.2,360,0.571287214756012,0.343463134765625,-0.02331636969211104
622592,1000.0,38,6740,92,469.57983406,0.012248068413464352,0.0003,-1.8266051337122917,-0.03714298456907272,0.2816655933856964,0.026452709,0.2,370,0.7248724699020386,0.321014404296875,-0.027828466089704306
638976,1000.0,39,6740,94,484.85714713,0.009645353405358038,0.0003,-1.7501891000196337,-0.03976178169250488,0.2797244191169739,0.030048665,0.2,380,0.7264964580535889,0.32818603515625,-0.028780426544108194
655360,1000.0,40,6740,97,496.5062588200001,0.006675711031130049,0.0003,-1.652868282236159,-0.062440816313028336,0.27742087841033936,0.027452651,0.2,390,0.812993586063385,0.3207275390625,-0.02943351061639987
671744,1000.0,41,6738,99,507.7603091099999,0.006767771516024368,0.0003,-1.552791022695601,-0.024567389860749245,0.27518269419670105,0.029354969,0.2,400,0.8615990281105042,0.34263916015625,-0.03144370451227587
688128,1000.0,42,6737,102,523.0874880700001,0.01237941151339328,0.0003,-1.4966546144336461,-0.04057099297642708,0.27418163418769836,0.026930984,0.2,410,0.7839496731758118,0.31846923828125,-0.02708821310552594
704512,1000.0,43,6736,104,534.72406978,0.009524333425360965,0.0003,-1.4231469109654427,-0.03498627245426178,0.2724897861480713,0.028059611,0.2,420,0.8102689981460571,0.32791748046875,-0.02850987199090014
720896,1000.0,44,6732,107,544.48917316,0.010909615608397871,0.0003,-1.358064205944538,-0.02711091749370098,0.2708839476108551,0.028035093,0.2,430,0.8143023252487183,0.3184814453125,-0.02705484846228501
737280,1000.0,45,6731,109,554.9024813999999,0.008055214593332494,0.0003,-1.2667530888691545,-0.028138790279626846,0.26872649788856506,0.027327567,0.2,440,0.8663095235824585,0.316339111328125,-0.027674300919898087
753664,1000.0,46,6730,111,563.86388856,0.006564168608747423,0.0003,-1.1740941267460585,-0.030277693644165993,0.26666495203971863,0.028734466,0.2,450,0.8853305578231812,0.324456787109375,-0.02796421708917478
770048,1000.0,47,6730,114,578.95832187,0.009838889283855679,0.0003,-1.1009973607957364,-0.02819177694618702,0.26516464352607727,0.02814946,0.2,460,0.8058473467826843,0.327227783203125,-0.025447578318198792
786432,1000.0,48,6735,116,595.72300825,0.009444460929213142,0.0003,-1.0485072562434379,-0.03983765468001366,0.26403146982192993,0.03026567,0.2,469,0.8314357995986938,0.3333519677996422,-0.02546576261170515
802816,1000.0,49,6736,119,611.19115113,0.005027991623501293,0.0003,-0.9732695202343166,-0.03912074863910675,0.26212266087532043,0.03195093,0.2,479,0.910276472568512,0.34151611328125,-0.028748683275989607
819200,1000.0,50,6750,121,629.3197971200001,0.011543994121893775,0.0003,-0.9302623004519514,-0.0265488363802433,0.2616743743419647,0.029867597,0.2,486,0.7754359841346741,0.33642578125,-0.018783757415284135
835584,1000.0,51,6754,123,648.14984115,0.006522000241747312,0.0003,-0.8579023702293886,-0.04050289839506149,0.25978392362594604,0.030760387,0.2,496,0.8911585807800293,0.3465987203891709,-0.027271966442825073
851968,1000.0,52,6768,125,664.18540394,0.003978471129555637,0.0003,-0.7672899182130645,-0.03238106891512871,0.2574794292449951,0.030994754,0.2,503,0.9383270740509033,0.33979925968109337,-0.026122899580712945
868352,1000.0,53,6779,128,684.9408618,0.005235026573087371,0.0003,-0.6825873153171076,-0.04286482557654381,0.2559504210948944,0.029802827,0.2,511,0.9169431924819946,0.3401995824898785,-0.02381809635053913
884736,1000.0,54,6778,130,704.0295523999998,0.00351215431583114,0.0003,-0.5657848256640137,-0.046372782438993454,0.2533279359340668,0.03237077,0.2,521,0.9333629608154297,0.354656982421875,-0.02877205261174822
901120,1000.0,55,6777,132,723.4920518899999,0.003432341252846527,0.0003,-0.46297803283669053,-0.03989403694868088,0.2513439655303955,0.0299096,0.2,531,0.9160186052322388,0.346710205078125,-0.028023150358785644
917504,1000.0,56,6786,135,741.1525942499998,0.0033843903260126914,0.0003,-0.3833315361385943,-0.019094454124569893,0.24943037331104279,0.029411249,0.2,539,0.9388900995254517,0.3434060053816047,-0.024480010353214673
933888,1000.0,57,6784,137,758.8309406200001,0.002743634526632377,0.0003,-0.2732199479825795,-0.010577219538390636,0.24728763103485107,0.03178245,0.2,549,0.9416126608848572,0.357403564453125,-0.027908906607990502
950272,1000.0,58,6784,140,775.7280628199999,0.002956812397496833,0.0003,-0.19517592540942133,-0.04696238413453102,0.2458523064851761,0.030928403,0.2,559,0.950985312461853,0.348223876953125,-0.026725762367641438
966656,1000.0,59,6785,142,788.6199808899999,0.00437353589293983,0.0003,-0.12462740096143564,-0.03333677351474762,0.24441252648830414,0.032662332,0.2,569,0.9260910153388977,0.36319840946166393,-0.02423242661991076
983040,1000.0,60,6804,144,807.1675381700001,0.010044302150387974,0.0003,-0.05674524167004753,-0.012187715619802475,0.24288147687911987,0.03504933,0.2,575,0.8786540031433105,0.3552045036764706,-0.012396212116650799
999424,1000.0,61,6801,146,822.1970843700001,0.0017431333360946155,0.0003,0.03668206110596657,-0.019997121766209602,0.24106447398662567,0.030637227,0.2,585,0.9323146343231201,0.36026611328125,-0.024960158221801976
1015808,1000.0,62,6807,149,837.52347931,0.002106318304012187,0.0003,0.13451669688391335,-0.030121397227048874,0.23899312317371368,0.03503413,0.2,594,0.9585857391357422,0.3578024471507353,-0.023709925544715266
1032192,1000.0,63,6817,151,859.96537014,0.002232482071862687,0.0003,0.23107267295882714,-0.03226825222373009,0.23691444098949432,0.03129849,0.2,601,0.9498326778411865,0.3516950650452489,-0.02205450309975688
1048576,1000.0,64,6823,153,873.5844291299999,0.0020760227878734664,0.0003,0.3447465736852776,-0.034744925796985626,0.23488450050354004,0.03316557,0.2,610,0.9588601589202881,0.3474179759704251,-0.024533150085831637
1064960,1000.0,65,6821,156,886.8834272099999,0.0022895522160979453,0.0003,0.42142250053584573,-0.01835000142455101,0.2334650754928589,0.03205874,0.2,620,0.9603953957557678,0.35255126953125,-0.02627394246082986
1081344,1000.0,66,6833,158,894.36982355,0.0032388292399275938,0.0003,0.5230573943663415,-0.010464228689670563,0.23116713762283325,0.029630123,0.2,627,0.9452728033065796,0.3358743504618938,-0.017034278713665713
1097728,1000.0,67,6832,160,907.4961916899999,0.002121378496667603,0.0003,0.621092570386827,-0.02897830680012703,0.2296043187379837,0.032129623,0.2,637,0.9374951124191284,0.360406494140625,-0.023124554131209153
1114112,1000.0,68,6838,162,911.6326504400001,0.0025722711032862403,0.0003,0.6923345591887892,-0.03218403086066246,0.22830724716186523,0.033190336,0.2,645,0.9468389749526978,0.35853570532128515,-0.01986637104949708
1130496,1000.0,69,6835,165,924.1311559099998,0.0033378951069607866,0.0003,0.744913161918521,-0.033373430371284485,0.22742290794849396,0.034015432,0.2,655,0.9443906545639038,0.35921630859375,-0.019654936044025816
1146880,1000.0,70,6842,167,935.2530634999999,0.0014637394837698904,0.0003,0.8212212953577398,-0.022343218326568604,0.22553353011608124,0.033072952,0.2,663,0.9653102159500122,0.36097964211618255,-0.023024284486616364
1163264,1000.0,71,6853,169,944.2083493499999,0.003259247793706463,0.0003,0.8928091443286222,-0.01991605944931507,0.224439337849617,0.032657463,0.2,670,0.9298585653305054,0.36857536764705884,-0.01773813333362341
1179648,1000.0,72,6883,171,957.7410024099997,0.004801044025138688,0.0003,0.9298023990730742,-0.010602585971355438,0.22393347322940826,0.043666434,0.2,672,0.902902364730835,0.277402052238806,0.005130762288193983
1196032,1000.0,73,6899,173,969.3001527100001,0.0017801813957692117,0.0003,0.9937505561002293,-0.02216852456331253,0.22240562736988068,0.041846946,0.2,678,0.9646348357200623,0.3536490683229814,-0.013875518552380504
1212416,1000.0,74,6911,175,985.5745008700001,0.0012435869882246116,0.0003,1.1001180915089397,-0.03330899402499199,0.2203512191772461,0.047240645,0.2,685,0.9592281579971313,0.3624391233766234,-0.018128819157696003
1228800,1000.0,75,6914,177,997.8001677499998,0.0012644315693514851,0.0003,1.2205694959979916,-0.03235956281423569,0.21820604801177979,0.03856539,0.2,694,0.9603086113929749,0.36659816247582205,-0.020854225933886847
1245184,1000.0,76,6925,179,1007.9057128200001,0.002011328852256698,0.0003,1.301312227383294,-0.03892438858747482,0.21707910299301147,0.03315307,0.2,701,0.956415593624115,0.35093310421994883,-0.016221825379397137
1261568,1000.0,77,6938,181,1021.9055958200001,0.0015477969795220385,0.0003,1.3609218621811672,-0.018069637939333916,0.2157246619462967,0.03262114,0.2,707,0.9622509479522705,0.3583356176900585,-0.014135200102753633
1277952,1000.0,78,6954,183,1029.6369321700001,0.002201681087049812,0.0003,1.4232093411804045,-0.012126680463552475,0.21475084125995636,0.029324926,0.2,712,0.9646527171134949,0.3361079068791946,-0.009595909791892307
1294336,1000.0,79,6958,186,1040.7400170299998,0.001811912480957777,0.0003,1.4778836642557185,-0.02620900794863701,0.213860884308815,0.045143142,0.2,721,0.9490800499916077,0.35967958089668617,-0.0158887353560526
1310720,1000.0,80,6973,187,1044.08148259,0.0015777385669449966,0.0003,1.5365024916330974,-0.03584698960185051,0.21268600225448608,0.029273992,0.2,726,0.9618657231330872,0.33109375,-0.010855632989744967
1327104,1000.0,81,6975,190,1052.97827899,0.0017266566807892724,0.0003,1.6065005413604347,-0.03776494786143303,0.21166320145130157,0.03136628,0.2,735,0.94595867395401,0.34262579690346084,-0.015025482911876113
1343488,1000.0,82,6986,192,1068.11584144,0.0011002677215696116,0.0003,1.6614702513520148,-0.03036285750567913,0.21058940887451172,0.032955788,0.2,741,0.9606113433837891,0.35902288732394366,-0.012805029442927367
1359872,1000.0,83,7000,194,1076.3514293699998,0.0008970305703099401,0.0003,1.736285150051117,-0.03492026776075363,0.20907717943191528,0.029052904,0.2,746,0.9738338589668274,0.3421695106907895,-0.010620650635437892
1376256,1000.0,84,7022,195,1097.29665658,0.0013608350742807878,0.0003,1.788109804902758,-0.023246508091688156,0.20839367806911469,0.035066295,0.2,749,0.9677371382713318,0.32876674107142856,-0.0010776317778176496
1392640,1000.0,85,7045,197,1109.3064768899999,0.0010141661272050355,0.0003,1.8274582287050642,-0.01318573672324419,0.2076864242553711,0.030694831,0.2,751,0.9815883636474609,0.33324734669811323,-0.0018536170817173596
1409024,1000.0,86,7054,199,1119.9983534400003,0.0011680089533797104,0.0003,1.9069908309543102,-0.03474503383040428,0.20601749420166016,0.034667756,0.2,757,0.9639014601707458,0.36318945822454307,-0.015305032563947784
1425408,1000.0,87,7067,201,1126.7491733200002,0.0009192311857338789,0.0003,1.9860192141318405,-0.03323769569396973,0.20476090908050537,0.03320263,0.2,762,0.97690349817276,0.3397761678200692,-0.012133919159401608
1441792,1000.0,88,7076,203,1134.0376431299999,0.0007871529499728543,0.0003,2.048325411354502,-0.028353184461593628,0.20387738943099976,0.032501444,0.2,768,0.9742721915245056,0.3665059407552083,-0.014667748352318691
1458176,1000.0,89,7084,205,1143.47665497,0.0006420458862334745,0.0003,2.133516860988042,-0.0027600761968642473,0.20227845013141632,0.032039948,0.2,774,0.9746312499046326,0.3621361301369863,-0.013513200631212086
1474560,1000.0,90,7094,207,1150.4448723899998,0.000726854141909056,0.0003,2.1957138244922345,-0.010989537462592125,0.20123183727264404,0.037506975,0.2,780,0.97769695520401,0.3523557692307692,-0.010320911938324571
1490944,1000.0,91,7117,209,1153.2018682099997,0.0010212980200720514,0.0003,2.2367337338718367,-0.016100842505693436,0.20090889930725098,0.030833948,0.2,782,0.9739916324615479,0.31958912037037035,0.00464334829285005
1507328,1000.0,92,7130,211,1160.1774661,0.0016502738120228362,0.0003,2.2551198047068386,-0.016876840963959694,0.20054741203784943,0.033249572,0.2,787,0.9629943370819092,0.3460693359375,-0.008463806747588225
1523712,1000.0,93,7151,213,1168.4805522400002,0.0021211881201367738,0.0003,2.2720508270485458,-0.007774387951940298,0.20036165416240692,0.03468041,0.2,789,0.934836208820343,0.37395530523255816,0.00892708796282234
1540096,1000.0,94,7164,214,1172.604301,0.0009440538388469791,0.0003,2.3099291850538815,-0.03085504285991192,0.1995760202407837,0.03622588,0.2,794,0.9722128510475159,0.3550809972426471,-0.008647633985246476
1556480,1000.0,95,7183,216,1175.8654078400002,0.001495363781451369,0.0003,2.335931348800659,0.02394423820078373,0.1993456333875656,0.029999798,0.2,796,0.9678221940994263,0.3392323369565217,0.0015117971064603846
1572864,1000.0,96,7199,218,1175.75792036,0.0009137595919339513,0.0003,2.3791080460403906,-0.014962184242904186,0.19828490912914276,0.03781587,0.2,800,0.9670251607894897,0.33716066919191917,-0.0048737024554437154
1589248,1000.0,97,7215,220,1176.0598759800002,0.0014334665434104082,0.0003,2.42000044420891,-0.033147796988487244,0.19782258570194244,0.03588175,0.2,804,0.9641168713569641,0.3355805837563452,-0.005605481932563754
1605632,1000.0,98,7227,222,1186.15029765,0.0010596113594753358,0.0003,2.4592946648597716,-0.006048271432518959,0.19694994390010834,0.032943472,0.2,808,0.9720757603645325,0.3678059895833333,-0.005415803466651899
1622016,1000.0,99,7246,223,1188.52978055,0.0005999787374423436,0.0003,2.508174547060268,0.012348616495728493,0.19623534381389618,0.02817583,0.2,810,0.9831086993217468,0.3266486220472441,-0.0008566878721352637
1638400,1000.0,100,7264,225,1189.36992537,0.0011385694160708226,0.0003,2.5350064635276794,-0.01649721898138523,0.19600291550159454,0.02758029,0.2,812,0.9775112867355347,0.3006184895833333,0.009095036903292768
1654784,1000.0,101,7283,227,1192.38418861,0.0012859584263060241,0.0003,2.5550316834449767,0.012181349098682404,0.195661723613739,0.032237653,0.2,814,0.9675911068916321,0.3485546875,0.007953904832247645
1671168,1000.0,102,7304,228,1196.25916846,0.0008773591276733394,0.0003,2.565700672110733,-0.015741443261504173,0.19551797211170197,0.022401577,0.2,815,0.9785810708999634,0.29878826530612246,0.011092600773791877
1687552,1000.0,103,7318,230,1206.1580215799997,0.0005214961479214253,0.0003,2.592163647413254,-0.03032059594988823,0.1948341727256775,0.03746193,0.2,819,0.9793972373008728,0.34189453125,-0.004067454489413649
1703936,1000.0,104,7331,232,1208.07055517,0.0008135304758174633,0.0003,2.643682537980341,-0.018071655184030533,0.19391721487045288,0.033665415,0.2,823,0.9752022624015808,0.34994947139303484,-0.003226724097653482
1720320,1000.0,105,7343,234,1209.0668086199998,0.0015533231443150039,0.0003,2.688527912463782,-0.018132980912923813,0.1933276206254959,0.02904034,0.2,827,0.9626776576042175,0.3408387382075472,-0.0029458811205706364
1736704,1000.0,106,7356,236,1214.7293752300002,0.0007760726947630271,0.0003,2.742800233590657,-0.009301559068262577,0.19221949577331543,0.033400036,0.2,831,0.9796955585479736,0.34680783371040724,-0.005459227645559009
1753088,1000.0,107,7371,237,1212.25032174,0.0006507079032095696,0.0003,2.800097481648725,-0.006133166141808033,0.19143922626972198,0.037292622,0.2,834,0.9660242199897766,0.34454299812030076,0.0027215574706967614
1769472,1000.0,108,7385,239,1208.12221277,0.0011015850153532536,0.0003,2.822256064414978,0.006679253187030554,0.19164085388183594,0.031609513,0.2,837,0.9699356555938721,0.33745404411764707,-0.0009090748341644511
1785856,1000.0,109,7382,241,1205.4766576499999,0.0007304250050409515,0.0003,2.8405572301235753,-0.004745719488710165,0.19079308211803436,0.03439054,0.2,846,0.9650195240974426,0.36909108922101447,-0.012001455375128358
1802240,1000.0,110,7396,243,1207.3854055299998,0.0010126846369361332,0.0003,2.8822421015695086,0.012327075004577637,0.19030416011810303,0.029724004,0.2,849,0.9703737497329712,0.3390715843023256,0.0025616028118705335
1818624,1000.0,111,7407,245,1205.4811468399998,0.0007813549067179549,0.0003,2.916225691210047,-0.03192680701613426,0.18976004421710968,0.0342562,0.2,853,0.9716867208480835,0.3563237660944206,-0.007820427912395336
1835008,1000.0,112,7426,247,1204.02562933,0.0019123603914132608,0.0003,2.9344082389559065,0.02587924897670746,0.18966834247112274,0.023772204,0.2,854,0.9588797688484192,0.30245535714285715,0.01086074483048703
1851392,1000.0,113,7440,248,1200.61212337,0.0010219100378865541,0.0003,2.9386877802764477,0.007291823625564575,0.18953128159046173,0.03147817,0.2,857,0.9736239910125732,0.3668951955782313,0.006634993361448552
1867776,1000.0,114,7453,250,1197.04820361,0.0017189053231823504,0.0003,2.951905905515298,-0.0048667509108781815,0.18945415318012238,0.03362979,0.2,860,0.9680392146110535,0.35149515086206895,-0.00021543909913335723
1884160,1000.0,115,7466,252,1202.15874366,0.001301475128975308,0.0003,2.9580753754965867,-0.013080377131700516,0.18917500972747803,0.029961197,0.2,863,0.9619365334510803,0.3626137262658228,0.0027732419533820093
1900544,1000.0,116,7480,254,1197.0387168000002,0.0008130415079766791,0.0003,2.9752757154780327,-0.01463182084262371,0.18879304826259613,0.031176241,0.2,866,0.9684419631958008,0.3448741007194245,0.002766030080107262
1916928,1000.0,117,7490,255,1196.4247421799998,0.0009376136021258436,0.0003,3.005016221838482,0.011972615495324135,0.18836812674999237,0.031031115,0.2,870,0.9681746363639832,0.3533997616525424,-0.0006780730041485848
1933312,1000.0,118,7503,257,1200.54797896,0.0016398899147275442,0.0003,3.0204566413571374,-0.0011357023613527417,0.18829160928726196,0.03224602,0.2,873,0.9484509825706482,0.347753299689441,0.004245681769174078
1949696,1000.0,119,7509,259,1202.14241137,0.0008152492454657204,0.0003,3.0568240702557725,-0.02363080158829689,0.18724071979522705,0.03398787,0.2,878,0.9718999862670898,0.35577434098639454,-0.007255435651991846
1966080,1000.0,120,7523,261,1204.56277286,0.0007552814497472369,0.0003,3.095288092032411,-0.01860235631465912,0.18692724406719208,0.037997868,0.2,881,0.9689300060272217,0.3382871240601504,0.002429609967717775
1982464,1000.0,121,7539,262,1202.82077399,0.001978325932527539,0.0003,3.1122347116470337,0.012032680213451385,0.18673820793628693,0.024180057,0.2,882,0.9514262676239014,0.32361260775862066,0.013573884691015399
1998848,1000.0,122,7555,264,1200.23505307,0.0025690748073559787,0.0003,3.115539162499564,-0.009148412384092808,0.18683801591396332,0.040578786,0.2,884,0.9430630207061768,0.35323660714285715,0.011315564279045377
2015232,1000.0,123,7562,266,1201.58396039,0.0018558449235251285,0.0003,3.124429574525689,0.007119981572031975,0.1866060495376587,0.031557355,0.2,888,0.9601880311965942,0.37135831673306774,-0.001775331179281155
2031616,1000.0,124,7574,268,1197.11863677,0.0011893994944740928,0.0003,3.136790381708453,0.0007946477271616459,0.18647778034210205,0.035278697,0.2,891,0.968147337436676,0.3649193548387097,0.002182794145999416
2048000,1000.0,125,7586,269,1192.86636641,0.0011720028646499375,0.0003,3.1491704927820736,-0.026138314977288246,0.18623320758342743,0.03358498,0.2,894,0.9725378155708313,0.3484800170068027,0.002816099735280993
2064384,1000.0,126,7603,271,1198.67952015,0.004233888425265572,0.0003,3.156790520463671,0.0466783381998539,0.18614651262760162,0.02517475,0.2,895,0.9146205186843872,0.31138392857142855,0.01193754157117967
2080768,1000.0,127,7615,273,1200.55080079,0.0012530549174060294,0.0003,3.1631316197545907,-0.0064926715567708015,0.18598635494709015,0.028537564,0.2,897,0.9740910530090332,0.3203810307017544,0.006414312260682907
2097152,1000.0,128,7626,274,1205.52908397,0.0006840029901026615,0.0003,3.1846567467280797,0.0019907488021999598,0.1855134516954422,0.0343196,0.2,900,0.9767656326293945,0.3395982142857143,0.00036966249612825256
2113536,1000.0,129,7641,276,1213.18983525,0.0020345409637408667,0.0003,3.213285809657613,0.043428052216768265,0.1851174235343933,0.030315027,0.2,901,0.946350634098053,0.37320696721311475,0.017091471121692268
2129920,1000.0,130,7653,278,1216.22150242,0.0005303130606044979,0.0003,3.2388568164766296,0.0057154190726578236,0.18465353548526764,0.049835112,0.2,904,0.979094922542572,0.34568798449612403,0.003914993931358868
2146304,1000.0,131,7666,279,1215.9133231,0.0011428036040773517,0.0003,3.257700148381685,-0.012505882419645786,0.18456721305847168,0.030671278,0.2,906,0.970665454864502,0.3488898026315789,0.009935416936825373
2162688,1000.0,132,7680,281,1222.5314222400002,0.0005948129923867613,0.0003,3.2650864035994918,0.04323830455541611,0.1843869686126709,0.02296174,0.2,907,0.9822706580162048,0.3052662037037037,0.013127269533773264
2179072,1000.0,133,7693,283,1218.7968761500001,0.0012917169939040893,0.0003,3.274037479044317,0.01607125997543335,0.184356689453125,0.033598013,0.2,909,0.96705561876297,0.34199004120879123,0.009531432445478308
2195456,1000.0,134,7708,284,1217.98066616,0.001779577883038049,0.0003,3.2733726263046266,0.044188275933265686,0.18439054489135742,0.025758157,0.2,910,0.9628626704216003,0.3271484375,0.01716681857748578
2211840,1000.0,135,7717,286,1219.4260660500001,0.0006381725707678529,0.0003,3.2797854274943257,-0.013229490257799625,0.18407762050628662,0.028546434,0.2,913,0.9789205193519592,0.31954823369565216,0.006610841500451384
2228224,1000.0,136,7727,288,1219.8340170200001,0.0005577988603711416,0.0003,3.319185542471615,-0.014518717303872108,0.1834266185760498,0.034189224,0.2,916,0.9773219227790833,0.3543836805555556,-0.002329491241260167
2244608,1000.0,137,7738,290,1221.4395281500001,0.0006305146101943177,0.0003,3.3430935382843017,-0.01652427949011326,0.18312418460845947,0.03202269,0.2,918,0.9776533842086792,0.35506114130434785,0.007093369373646768
2260992,1000.0,138,7746,291,1218.3088372500001,0.000931316217377441,0.0003,3.378113183592047,-0.013708609156310558,0.18256418406963348,0.03482061,0.2,922,0.9726602435112,0.3651820591517857,-0.0029822925051640986
2277376,1000.0,139,7758,293,1225.7465983800003,0.0009119624496301318,0.0003,3.402872934574034,-0.017213517799973488,0.1824144870042801,0.029748984,0.2,924,0.9686170816421509,0.3296970274390244,0.00789877155613972
2293760,991.18,140,7769,295,1217.3326898400003,0.0005254753799955273,0.0003,3.4211424544172466,0.006457910407334566,0.18193256855010986,0.033303864,0.2,926,0.974899411201477,0.37046727594339623,0.005700727776439755
2310144,991.18,141,7779,296,1221.80699722,0.002135122197584576,0.0003,3.44593254146197,-0.017576629295945168,0.18172629177570343,0.030549541,0.2,929,0.9270980358123779,0.31542322019867547,0.005910291363460486
2326528,991.18,142,7787,298,1219.3991225799998,0.0008311706712876243,0.0003,3.4528116905826263,-0.013815533369779587,0.18156176805496216,0.030644177,0.2,932,0.9543023109436035,0.3444908405172414,0.003671485649678728
2342912,991.18,143,7793,300,1221.1299202900002,0.000686645444957079,0.0003,3.4805238926818616,-0.01745816506445408,0.18099761009216309,0.038334787,0.2,937,0.9742988348007202,0.36442490494296575,-0.004477389890721825
2359296,991.18,144,7804,302,1227.4158088000001,0.000863728564717833,0.0003,3.495543444268057,0.007096055429428816,0.18101365864276886,0.030369123,0.2,939,0.9700260758399963,0.32914719626168226,0.010952324493326874
2375680,991.18,145,7814,303,1224.7912076,0.0010098619847364414,0.0003,3.5149779856204986,0.008482218720018864,0.18054859340190887,0.03409415,0.2,941,0.9633204340934753,0.36910807291666664,0.009412380463133255
2392064,1000.0,146,7827,305,1238.6823522299999,0.0005611416746035848,0.0003,3.5374910663551007,-0.0014637259300798178,0.1802816241979599,0.035923965,0.2,943,0.9775360226631165,0.3107944542253521,0.007417979358341283
2408448,1000.0,147,7834,307,1236.28807286,0.0006497749542098953,0.0003,3.567801765216294,0.010659950785338879,0.17966966331005096,0.029574888,0.2,946,0.9814733266830444,0.35446068548387094,0.0017633051724143087
2424832,1000.0,148,7841,309,1236.32772054,0.0007892184907023734,0.0003,3.6027992115685,-0.03251554071903229,0.1792696714401245,0.035441592,0.2,950,0.9779333472251892,0.34542133084577115,-0.0029561711146278463
2441216,1000.0,149,7853,310,1230.85490396,0.001704272480116638,0.0003,3.618224519198058,0.07444727420806885,0.17929203808307648,0.025375694,0.2,951,0.9622635245323181,0.32838114754098363,0.016058689303940436
2457600,1000.0,150,7862,312,1226.00355133,0.0018046113273812283,0.0003,3.6147463596124445,-0.031383540481328964,0.1793431043624878,0.032726727,0.2,954,0.9629701375961304,0.3528833183453237,0.002857281039167437
2473984,1000.0,151,7874,314,1223.1269918700002,0.002161438439295373,0.0003,3.6084510413083164,0.032640885561704636,0.1793881505727768,0.028233254,0.2,955,0.947058916091919,0.3533380681818182,0.015743411463600667
2490368,1000.0,152,7885,315,1222.37909737,0.0010636225820574632,0.0003,3.6083361355226433,-0.010680975392460823,0.17929188907146454,0.041205432,0.2,957,0.9746372103691101,0.2947178171641791,0.011070882373336536
2506752,1000.0,153,7894,317,1222.39123891,0.00044226990143648006,0.0003,3.627428083153038,-0.027523836120963097,0.17892128229141235,0.03225871,0.2,960,0.9791116118431091,0.34713723776223776,0.0008632978294174988
2523136,1000.0,154,7902,319,1221.51379409,0.0009130785187295118,0.0003,3.6469375576291765,-0.018710065633058548,0.17878247797489166,0.03214777,0.2,963,0.9744487404823303,0.354783887987013,0.000442195532528998
2539520,1000.0,155,7904,321,1224.4985494399998,0.0007776641382377559,0.0003,3.657049143390291,-0.006043674889951944,0.17857789993286133,0.030969791,0.2,968,0.963202714920044,0.371641122611465,-0.0044059760254588284
2555904,1000.0,156,7914,322,1233.45732017,0.0006833402534708554,0.0003,3.6723753213882446,0.005581595003604889,0.17835192382335663,0.035257403,0.2,970,0.9733138680458069,0.33825399709302323,0.008515644523445083
2572288,1000.0,157,7926,324,1231.7696790999998,0.0006213676870653504,0.0003,3.6864905942950332,0.059402868151664734,0.17819543182849884,0.028148944,0.2,971,0.9730377793312073,0.35375548245614036,0.013128410898181692
2588672,1000.0,158,7936,326,1230.2158424599997,0.0014457066355710278,0.0003,3.696334717225055,-0.008901674300432205,0.1781051754951477,0.03319019,0.2,973,0.9647732973098755,0.32736766581632654,0.008407041278420662
2605056,1000.0,159,7947,327,1220.81247255,0.006013937102740302,0.0003,3.700155531658846,0.03389866277575493,0.17801444232463837,0.025957962,0.2,974,0.8552975058555603,0.32559742647058826,0.01281228446511223
2621440,1000.0,160,7960,329,1222.23606749,0.006854730937629938,0.0003,3.7036624908447267,0.033208463340997696,0.178003191947937,0.023707386,0.2,975,0.834170937538147,0.27786458333333336,0.010142683982849121
2637824,1000.0,161,7971,330,1219.7419210999997,0.0008935136742096532,0.0003,3.708419579046744,0.02273719571530819,0.17787699401378632,0.02338724,0.2,976,0.9626653790473938,0.3113425925925926,0.014601263459082003
2654208,1000.0,162,7981,332,1216.7310105800002,0.0011735546129149578,0.0003,3.7162380861857582,0.02820131927728653,0.1777603179216385,0.026719555,0.2,977,0.9609108567237854,0.34207589285714285,0.01279423228420672
2670592,1000.0,163,7987,334,1213.7338929800003,0.0009281921022473118,0.0003,3.7234416902065277,-0.007114086300134659,0.17767103016376495,0.033486154,0.2,981,0.9699180722236633,0.3570087139423077,6.950625146810825e-05
2686976,1000.0,164,7996,336,1214.29095551,0.0007945183938515939,0.0003,3.7260629871617192,0.005386363714933395,0.17764145135879517,0.028302172,0.2,983,0.9748401641845703,0.31734035326086957,0.009942556837695125
2703360,1000.0,165,8006,337,1224.71740504,0.000814973030355759,0.0003,3.7320833683013914,-0.003029405837878585,0.1774872988462448,0.024466258,0.2,984,0.9760401844978333,0.33033854166666665,0.012632485607173293
2719744,1000.0,166,8013,339,1225.57467834,0.00067113840316767,0.0003,3.753097459867403,-0.018919775262475014,0.17717677354812622,0.03138519,0.2,987,0.9770635366439819,0.35267857142857145,0.0012225927119808538
2736128,1000.0,167,8025,340,1231.5080277600002,0.0008888726027050455,0.0003,3.764621010848454,0.02173478528857231,0.17703545093536377,0.02549933,0.2,988,0.9656575918197632,0.31654575892857145,0.013315686290817601
2752512,1000.0,168,8033,342,1234.4232892400003,0.0006750098468425374,0.0003,3.7733080360624527,0.004699809476733208,0.17685472965240479,0.033139937,0.2,990,0.9801660776138306,0.33294270833333334,0.0064880566981931525
2768896,1000.0,169,8043,344,1234.40175623,0.0010008721548012654,0.0003,3.7876330650213994,-0.011705970391631126,0.1767226904630661,0.038423643,0.2,992,0.9776475429534912,0.3014322916666667,0.012635217665581766
2785280,1000.0,170,8051,345,1233.81869555,0.0014703588920735543,0.0003,3.797228782407699,0.018411904573440552,0.17658598721027374,0.030745288,0.2,994,0.9593558311462402,0.34038978494623656,0.00966075338142854
2801664,1000.0,171,8061,347,1238.3147827,0.0013932343560251563,0.0003,3.795311818520228,0.03946202993392944,0.17664603888988495,0.027907634,0.2,995,0.9699284434318542,0.3418782552083333,0.014577728831985345
2818048,1000.0,172,8069,349,1233.5785674400001,0.0007736093799134583,0.0003,3.7983242755844477,-0.003794376738369465,0.17662499845027924,0.030006403,0.2,997,0.9721649885177612,0.3390531994047619,0.010208902875005844
2834432,1000.0,173,8078,350,1231.60706907,0.001357555605198552,0.0003,3.796540280667747,0.025273213163018227,0.17669618129730225,0.032412782,0.2,999,0.9651541113853455,0.3499904725609756,0.01238199281960544
2850816,1000.0,174,8088,352,1231.30248528,0.0009561256520100869,0.0003,3.789920503894488,0.044931307435035706,0.17670948803424835,0.027486011,0.2,1000,0.9560909867286682,0.3430989583333333,0.011752149900227474
2867200,1000.0,175,8096,354,1229.8514750499999,0.0007755672200941122,0.0003,3.7955270608266196,0.00983394030481577,0.17656080424785614,0.030352682,0.2,1002,0.9702597856521606,0.3037359775641026,0.010808037883506563
2883584,1000.0,176,8102,355,1234.03510151,0.0015096089476213344,0.0003,3.7926971532296445,0.011630944907665253,0.17692254483699799,0.040980794,0.2,1005,0.9532166719436646,0.3637058423913043,0.006253942431362373
2899968,1000.0,177,8113,357,1234.87959314,0.000792315761579878,0.0003,3.7834290374409068,0.023671582341194153,0.17668922245502472,0.022888087,0.2,1006,0.969041109085083,0.306640625,0.015377297965725038
2916352,1000.0,178,8120,359,1240.11264991,0.0007186589023826565,0.0003,3.7978761551227977,-0.006650055758655071,0.17646901309490204,0.030299935,0.2,1008,0.9554762840270996,0.34092420212765956,0.009604993841036203
2932736,1000.0,179,8128,360,1246.31934743,0.00044639585151647526,0.0003,3.8141529666052922,-0.011664253659546375,0.17623700201511383,0.032039654,0.2,1010,0.982684850692749,0.34969618055555557,0.007571453890866704
2949120,1000.0,180,8136,362,1243.05075292,0.0005774601174326723,0.0003,3.822874543246101,0.03442450240254402,0.1762569695711136,0.03288491,0.2,1012,0.9729230403900146,0.3380514705882353,0.011312258928356802
2965504,1000.0,181,8144,364,1243.15722674,0.0009642103431070899,0.0003,3.8231258051736012,0.008077593520283699,0.1762348860502243,0.031195717,0.2,1014,0.9648995399475098,0.34684065934065933,0.007678686221549799
2981888,1000.0,182,8151,365,1242.90371539,0.0012259385828376533,0.0003,3.8278811894930325,-0.02043166197836399,0.17603780329227448,0.02988779,0.2,1016,0.9585811495780945,0.3494215745192308,0.007566858638221255
2998272,1000.0,183,8161,367,1238.99786354,0.0009654835875456531,0.0003,3.8317291736602783,0.03361574932932854,0.17611205577850342,0.02860036,0.2,1017,0.961216390132904,0.3568359375,0.012923860549926757
3014656,1000.0,184,8167,369,1237.47198374,0.00090490474078729,0.0003,3.8346033216726902,-0.003527706488966942,0.1760065108537674,0.028734336,0.2,1019,0.9706319570541382,0.32398200757575757,0.009546645493669943
